fall_fall-01/frame0082.jpg 101.617 35.351166 145.17197 170.7855 1
fall_fall-01/frame0083.jpg 100.50288 35.87899 144.52869 171.97868 1
fall_fall-01/frame0084.jpg 98.01457 37.369057 142.6169 171.39055 1
fall_fall-01/frame0085.jpg 94.080666 37.715515 142.20198 172.94492 1
fall_fall-01/frame0086.jpg 91.572365 37.411472 140.87369 172.37318 1
fall_fall-01/frame0087.jpg 88.48302 38.82457 139.39896 172.889 1
fall_fall-01/frame0088.jpg 86.27527 39.85934 137.72815 172.11337 1
fall_fall-01/frame0089.jpg 82.666214 40.295036 135.61703 177.60078 1
fall_fall-01/frame0090.jpg 82.38477 43.0884 135.83041 179.61154 1
fall_fall-01/frame0091.jpg 81.91055 45.111485 134.17384 180.52571 1
fall_fall-01/frame0092.jpg 81.57515 47.459 133.33484 184.71408 1
fall_fall-01/frame0093.jpg 80.52728 51.732384 131.5929 186.97697 1
fall_fall-01/frame0094.jpg 80.81521 57.663727 130.96002 188.8383 1
fall_fall-01/frame0095.jpg 81.53837 61.92765 131.60117 187.5145 1
fall_fall-01/frame0096.jpg 82.04415 66.03618 131.7502 188.00192 1
fall_fall-01/frame0097.jpg 81.303734 71.70519 130.60689 186.59596 1
fall_fall-01/frame0098.jpg 81.93819 75.32854 132.74442 178.56816 1
fall_fall-01/frame0099.jpg 81.089355 81.53449 132.76279 173.69061 1
fall_fall-01/frame0100.jpg 79.20992 86.371475 132.29526 175.32097 1
fall_fall-01/frame0101.jpg 75.593216 91.585625 133.3948 184.4367 1
fall_fall-01/frame0102.jpg 74.12745 98.81713 133.23827 203.17506 1
fall_fall-01/frame0103.jpg 69.6625 102.58367 131.90198 222.63654 1
fall_fall-01/frame0104.jpg 68.77906 111.0276 133.97882 222.78452 1
fall_fall-01/frame0105.jpg 63.312782 117.68459 131.80594 221.21132 1
fall_fall-01/frame0106.jpg 59.560658 123.94164 131.92899 223.05849 1
fall_fall-01/frame0107.jpg 53.810623 128.30252 130.37119 223.5826 1
fall_fall-01/frame0108.jpg 55.49574 138.67043 130.66072 223.64882 1
fall_fall-01/frame0109.jpg 55.99843 143.45174 128.76326 223.51212 1
fall_fall-01/frame0110.jpg 60.57034 149.92105 128.32211 223.36137 1
fall_fall-01/frame0111.jpg 54.852142 153.37807 130.8406 223.67491 1
fall_fall-02/frame0039.jpg 124.840935 52.74865 195.00104 207.60715 1
fall_fall-02/frame0040.jpg 122.41053 53.481907 195.79288 206.05861 1
fall_fall-02/frame0041.jpg 121.95601 53.025665 201.04027 207.59076 1
fall_fall-02/frame0042.jpg 120.06653 54.275063 200.16718 205.79091 1
fall_fall-02/frame0043.jpg 118.65236 55.435497 200.14949 206.1415 1
fall_fall-02/frame0044.jpg 119.59316 56.92937 200.86137 209.07591 1
fall_fall-02/frame0045.jpg 116.041756 58.210564 196.33424 204.59322 1
fall_fall-02/frame0046.jpg 114.450294 60.434944 200.0266 205.55562 1
fall_fall-02/frame0047.jpg 113.34503 59.57235 188.33542 210.1981 1
fall_fall-02/frame0048.jpg 112.36597 61.168697 194.95236 208.55737 1
fall_fall-02/frame0049.jpg 110.85585 63.569656 192.84865 207.97997 1
fall_fall-02/frame0050.jpg 107.398834 63.847588 179.1564 207.2029 1
fall_fall-02/frame0051.jpg 105.30603 67.99668 203.8529 204.1896 1
fall_fall-02/frame0052.jpg 102.62845 68.462364 182.37827 206.82703 1
fall_fall-02/frame0053.jpg 102.28624 70.56935 198.39285 209.9334 1
fall_fall-02/frame0054.jpg 98.09926 72.742134 198.41766 209.13492 1
fall_fall-02/frame0055.jpg 98.57358 76.682884 176.36493 205.53925 1
fall_fall-02/frame0056.jpg 94.22771 80.58004 200.75444 206.99158 1
fall_fall-02/frame0057.jpg 90.745125 82.28702 182.32138 202.42035 1
fall_fall-02/frame0058.jpg 89.58073 89.659134 170.96112 205.64948 1
fall_fall-02/frame0059.jpg 79.47104 94.09836 165.96156 204.58983 1
fall_fall-02/frame0060.jpg 71.44201 106.20907 168.03677 211.81645 1
fall_fall-02/frame0061.jpg 67.2152 117.911415 170.20076 215.52986 1
fall_fall-02/frame0062.jpg 64.82753 125.659706 163.1713 215.91852 1
fall_fall-02/frame0063.jpg 64.6472 132.66628 165.90002 217.64555 1
fall_fall-02/frame0064.jpg 67.96184 136.61137 168.66165 216.0733 1
fall_fall-02/frame0065.jpg 65.18905 139.1159 167.0403 218.53764 1
fall_fall-02/frame0066.jpg 66.65173 142.3003 167.54202 219.8471 1
fall_fall-02/frame0067.jpg 64.359726 144.42343 167.73323 220.24806 1
fall_fall-02/frame0068.jpg 63.466194 145.13676 166.6937 220.21976 1
fall_fall-03/frame0147.jpg 101.32289 0.7567383 180.53377 222.62514 1
fall_fall-03/frame0148.jpg 97.82218 0.2959961 180.1852 218.62067 1
fall_fall-03/frame0149.jpg 97.11323 0.04463013 180.1698 220.17242 1
fall_fall-03/frame0150.jpg 97.23968 0.0 178.53693 222.33357 1
fall_fall-03/frame0151.jpg 96.86465 0.0 178.09665 222.0255 1
fall_fall-03/frame0152.jpg 95.70494 0.0 178.52179 222.0047 1
fall_fall-03/frame0153.jpg 95.01027 0.116501465 178.99146 222.27324 1
fall_fall-03/frame0154.jpg 93.77527 0.57381713 181.16418 222.4639 1
fall_fall-03/frame0155.jpg 93.05661 4.0606923 180.27477 222.63968 1
fall_fall-03/frame0156.jpg 93.29995 8.186343 179.77824 223.14252 1
fall_fall-03/frame0157.jpg 92.38903 12.886512 179.24013 223.06691 1
fall_fall-03/frame0158.jpg 90.341156 18.473318 179.7468 222.92595 1
fall_fall-03/frame0159.jpg 88.456024 24.685118 179.16106 222.12555 1
fall_fall-03/frame0160.jpg 88.4709 33.551483 177.79723 223.83621 1
fall_fall-03/frame0161.jpg 89.42921 40.676426 172.82823 222.39378 1
fall_fall-03/frame0162.jpg 87.196014 46.680466 171.15701 221.7382 1
fall_fall-03/frame0163.jpg 88.64225 55.179783 166.58382 222.52242 1
fall_fall-03/frame0164.jpg 89.78348 63.191116 161.86734 222.8253 1
fall_fall-03/frame0165.jpg 91.02579 70.48527 159.71078 222.98416 1
fall_fall-03/frame0166.jpg 87.92059 78.28122 156.00989 222.90683 1
fall_fall-03/frame0167.jpg 87.7043 84.97932 155.91872 223.40753 1
fall_fall-03/frame0168.jpg 87.12325 89.50812 153.04613 222.37128 1
fall_fall-03/frame0169.jpg 83.245056 98.04201 151.80571 222.99146 1
fall_fall-03/frame0170.jpg 81.63778 103.38673 151.9494 223.67317 1
fall_fall-03/frame0171.jpg 76.746284 109.87045 150.41623 223.20493 1
fall_fall-03/frame0172.jpg 74.28123 117.02296 148.77054 221.65996 1
fall_fall-03/frame0173.jpg 72.46037 121.32407 145.1787 223.70062 1
fall_fall-03/frame0174.jpg 67.65371 127.49394 148.60284 223.58286 1
fall_fall-03/frame0175.jpg 65.84231 128.498 148.28741 223.3893 1
fall_fall-03/frame0176.jpg 63.78126 131.09807 146.11177 220.6895 1
fall_fall-04/frame0013.jpg 117.1156 64.547676 204.19475 208.59198 1
fall_fall-04/frame0014.jpg 115.25177 67.26222 201.63701 210.4384 1
fall_fall-04/frame0015.jpg 112.71222 69.74745 204.16008 210.60117 1
fall_fall-04/frame0016.jpg 106.97345 73.34583 198.71057 207.34917 1
fall_fall-04/frame0017.jpg 107.82221 74.55342 201.14046 207.30394 1
fall_fall-04/frame0018.jpg 105.47215 78.24527 187.98767 209.89925 1
fall_fall-04/frame0019.jpg 103.2897 79.98959 186.16399 209.9406 1
fall_fall-04/frame0020.jpg 101.517395 82.328735 180.52444 208.3399 1
fall_fall-04/frame0021.jpg 99.57632 86.639305 188.224 208.3557 1
fall_fall-04/frame0022.jpg 98.350494 87.948524 181.0871 207.8215 1
fall_fall-04/frame0023.jpg 97.65714 90.9478 193.69772 207.08998 1
fall_fall-04/frame0024.jpg 96.05383 92.59262 179.11653 207.17595 1
fall_fall-04/frame0025.jpg 93.61979 96.111534 187.95969 208.08475 1
fall_fall-04/frame0026.jpg 90.96156 97.7222 193.1332 208.12238 1
fall_fall-04/frame0027.jpg 88.2561 99.22011 202.87755 208.89647 1
fall_fall-04/frame0028.jpg 85.81785 100.80365 180.1317 207.96217 1
fall_fall-04/frame0029.jpg 81.1857 106.75714 171.62416 211.12958 1
fall_fall-04/frame0030.jpg 75.55732 111.11735 170.66458 215.86462 1
fall_fall-04/frame0031.jpg 67.59794 111.48537 172.1886 218.77913 1
fall_fall-04/frame0032.jpg 66.10909 109.77391 166.83221 220.15338 1
fall_fall-04/frame0033.jpg 65.51819 117.741615 166.34131 221.48633 1
fall_fall-04/frame0034.jpg 64.36387 121.66402 167.1502 221.56311 1
fall_fall-04/frame0035.jpg 65.16911 125.88672 161.30714 221.78061 1
fall_fall-04/frame0036.jpg 65.581535 131.0003 161.14401 222.6133 1
fall_fall-04/frame0037.jpg 64.08383 133.96387 161.51251 223.51598 1
fall_fall-04/frame0038.jpg 64.67856 137.13847 162.19537 223.27605 1
fall_fall-04/frame0039.jpg 65.97362 139.00032 155.18575 222.64803 1
fall_fall-04/frame0040.jpg 65.23332 140.1059 154.77336 222.8614 1
fall_fall-04/frame0041.jpg 62.86846 143.01318 157.1148 223.12039 1
fall_fall-04/frame0042.jpg 62.789997 143.64139 161.79825 223.80048 1
fall_fall-05/frame0078.jpg 77.66018 36.225155 119.03204 182.30647 1
fall_fall-05/frame0079.jpg 76.15445 34.594227 120.47138 182.03487 1
fall_fall-05/frame0080.jpg 76.42691 36.8255 119.554344 179.86519 1
fall_fall-05/frame0081.jpg 74.413345 35.3365 119.0178 181.78378 1
fall_fall-05/frame0082.jpg 74.36968 36.29093 119.32927 181.87404 1
fall_fall-05/frame0083.jpg 75.502846 38.505722 119.05266 180.67062 1
fall_fall-05/frame0084.jpg 75.59935 40.020523 116.46932 181.8071 1
fall_fall-05/frame0085.jpg 74.85999 39.84498 115.71926 180.90448 1
fall_fall-05/frame0086.jpg 75.6529 43.867844 116.13609 179.71413 1
fall_fall-05/frame0087.jpg 76.368744 45.478504 115.747284 179.69266 1
fall_fall-05/frame0088.jpg 78.62543 47.860527 116.01028 181.21954 1
fall_fall-05/frame0089.jpg 79.53959 51.37601 114.835785 182.70184 1
fall_fall-05/frame0090.jpg 79.71743 55.54024 116.243866 182.91304 1
fall_fall-05/frame0091.jpg 79.196655 60.00428 117.28995 181.81245 1
fall_fall-05/frame0092.jpg 79.578514 66.72159 118.67386 181.52428 1
fall_fall-05/frame0093.jpg 80.1897 71.80926 121.61261 182.32037 1
fall_fall-05/frame0094.jpg 79.10869 75.903366 124.24683 184.71109 1
fall_fall-05/frame0095.jpg 78.47743 83.70692 126.885086 182.27101 1
fall_fall-05/frame0096.jpg 76.56581 89.36395 129.40681 183.04688 1
fall_fall-05/frame0097.jpg 76.56453 94.9545 132.99364 194.3953 1
fall_fall-05/frame0098.jpg 76.93303 100.56362 136.19135 202.72116 1
fall_fall-05/frame0099.jpg 75.97276 104.71693 139.19785 209.14113 1
fall_fall-05/frame0100.jpg 76.31767 112.2888 139.36273 210.65907 1
fall_fall-05/frame0101.jpg 77.59522 120.14345 141.37589 211.1739 1
fall_fall-05/frame0102.jpg 77.29986 127.43943 146.47691 211.48978 1
fall_fall-05/frame0103.jpg 78.28935 131.97578 147.456 210.74805 1
fall_fall-05/frame0104.jpg 78.00391 137.54573 148.09625 211.9252 1
fall_fall-05/frame0105.jpg 76.42988 141.68593 145.17097 214.509 1
fall_fall-05/frame0106.jpg 76.36523 148.88982 139.34064 216.75792 1
fall_fall-05/frame0107.jpg 75.502846 155.33246 140.21587 217.96852 1
fall_fall-06/frame0010.jpg 131.98569 50.013557 196.47917 222.87306 1
fall_fall-06/frame0011.jpg 131.33661 50.979057 193.47543 222.51868 1
fall_fall-06/frame0012.jpg 131.40805 51.015823 193.4884 222.211 1
fall_fall-06/frame0013.jpg 132.03856 50.546204 192.13051 223.20891 1
fall_fall-06/frame0014.jpg 129.92598 50.310192 192.33714 223.14122 1
fall_fall-06/frame0015.jpg 129.53806 51.627136 191.06114 223.28044 1
fall_fall-06/frame0016.jpg 127.93551 52.21038 190.10248 220.41763 1
fall_fall-06/frame0017.jpg 127.51855 53.506924 187.40965 222.83199 1
fall_fall-06/frame0018.jpg 128.96896 53.566902 186.74086 222.5897 1
fall_fall-06/frame0019.jpg 124.640236 53.86348 187.25215 220.63654 1
fall_fall-06/frame0020.jpg 125.42852 54.010376 188.17323 222.65329 1
fall_fall-06/frame0021.jpg 125.38252 56.21715 186.70879 222.66815 1
fall_fall-06/frame0022.jpg 120.79655 57.79551 185.33194 222.28906 1
fall_fall-06/frame0023.jpg 118.9295 58.371567 184.56857 221.92137 1
fall_fall-06/frame0024.jpg 119.12009 60.5679 183.55063 222.41539 1
fall_fall-06/frame0025.jpg 117.19485 61.8177 180.35579 222.45593 1
fall_fall-06/frame0026.jpg 113.57353 62.984894 178.65775 221.36235 1
fall_fall-06/frame0027.jpg 110.53173 66.80265 175.69441 221.43382 1
fall_fall-06/frame0028.jpg 108.27267 68.1493 175.28896 222.04523 1
fall_fall-06/frame0029.jpg 104.989624 70.85954 173.49063 222.42479 1
fall_fall-06/frame0030.jpg 101.64776 76.14049 171.84763 219.59732 1
fall_fall-06/frame0031.jpg 101.02772 77.62662 172.39017 223.16502 1
fall_fall-06/frame0032.jpg 99.671265 81.96877 170.06851 221.0033 1
fall_fall-06/frame0033.jpg 93.474205 83.547874 168.28502 219.46983 1
fall_fall-06/frame0034.jpg 91.1597 93.51116 170.22485 218.51924 1
fall_fall-06/frame0035.jpg 84.454124 94.053734 169.16277 219.80614 1
fall_fall-06/frame0036.jpg 79.45126 100.58808 166.05562 218.17113 1
fall_fall-06/frame0037.jpg 76.65689 108.64685 166.11725 217.37357 1
fall_fall-06/frame0038.jpg 76.05458 118.03834 168.7135 219.3169 1
fall_fall-06/frame0039.jpg 69.77895 122.64263 165.5584 218.43285 1
fall_fall-07/frame0084.jpg 100.23371 29.511272 140.82988 181.9149 1
fall_fall-07/frame0085.jpg 100.65343 29.737362 139.8279 184.59288 1
fall_fall-07/frame0086.jpg 99.11618 28.826107 139.11824 182.78554 1
fall_fall-07/frame0087.jpg 97.74428 29.449081 137.67854 183.08507 1
fall_fall-07/frame0088.jpg 96.830696 29.919037 135.82066 182.53926 1
fall_fall-07/frame0089.jpg 94.68035 28.524685 136.58894 183.71524 1
fall_fall-07/frame0090.jpg 95.073265 31.027996 135.64606 181.57756 1
fall_fall-07/frame0091.jpg 93.169525 30.223167 135.92087 183.63533 1
fall_fall-07/frame0092.jpg 92.71049 32.572414 135.28824 182.33298 1
fall_fall-07/frame0093.jpg 90.53852 37.000137 134.29117 182.21243 1
fall_fall-07/frame0094.jpg 89.680824 41.33302 134.77808 181.77126 1
fall_fall-07/frame0095.jpg 87.801346 49.819977 134.73477 179.85344 1
fall_fall-07/frame0096.jpg 87.02337 55.552414 135.83253 182.12361 1
fall_fall-07/frame0097.jpg 84.49615 65.02149 136.11159 182.44746 1
fall_fall-07/frame0098.jpg 80.93171 73.478485 136.4195 182.77278 1
fall_fall-07/frame0099.jpg 78.45603 80.93981 135.4257 183.51288 1
fall_fall-07/frame0100.jpg 75.42288 88.80631 134.53065 182.60187 1
fall_fall-07/frame0101.jpg 75.628555 96.01674 133.89433 182.97095 1
fall_fall-07/frame0102.jpg 75.62681 104.52366 133.96217 185.2045 1
fall_fall-07/frame0103.jpg 64.12906 112.15961 132.52907 217.7167 1
fall_fall-07/frame0104.jpg 57.306416 118.64898 132.53055 217.82861 1
fall_fall-07/frame0105.jpg 52.23557 121.385216 130.38867 220.8097 1
fall_fall-07/frame0106.jpg 54.734135 127.06704 129.22513 222.31253 1
fall_fall-07/frame0107.jpg 55.150875 130.0988 126.79676 222.35767 1
fall_fall-07/frame0108.jpg 54.11231 131.7445 124.99488 220.76434 1
fall_fall-07/frame0109.jpg 53.25362 133.70303 124.179756 220.4844 1
fall_fall-07/frame0110.jpg 52.6777 137.72603 122.69455 218.67809 1
fall_fall-07/frame0111.jpg 49.211697 137.91219 122.118744 218.28969 1
fall_fall-07/frame0112.jpg 46.7188 145.3561 123.603065 219.21994 1
fall_fall-07/frame0113.jpg 47.268448 150.44928 122.17081 222.05898 1
fall_fall-08/frame0029.jpg 124.42374 76.806496 191.78886 205.2136 1
fall_fall-08/frame0030.jpg 120.57782 79.034035 193.66904 205.23668 1
fall_fall-08/frame0031.jpg 119.74474 80.64238 193.88544 203.75055 1
fall_fall-08/frame0032.jpg 116.02234 83.784294 193.92017 204.35191 1
fall_fall-08/frame0033.jpg 114.260925 85.79833 192.20633 203.72314 1
fall_fall-08/frame0034.jpg 114.68336 88.0368 188.77684 204.95416 1
fall_fall-08/frame0035.jpg 111.6194 89.74016 188.31094 204.73648 1
fall_fall-08/frame0036.jpg 108.84298 90.2677 182.0695 205.34883 1
fall_fall-08/frame0037.jpg 107.78945 91.92129 181.12329 204.6974 1
fall_fall-08/frame0038.jpg 106.56229 92.61339 180.26949 204.20863 1
fall_fall-08/frame0039.jpg 103.61707 95.22302 176.89352 206.1885 1
fall_fall-08/frame0040.jpg 103.24872 97.23673 177.50575 203.60793 1
fall_fall-08/frame0041.jpg 101.68177 98.30486 175.91481 205.68839 1
fall_fall-08/frame0042.jpg 95.85398 100.02424 172.8175 208.26134 1
fall_fall-08/frame0043.jpg 94.493645 103.109344 170.42546 211.0841 1
fall_fall-08/frame0044.jpg 82.0624 105.18293 168.45387 214.67831 1
fall_fall-08/frame0045.jpg 75.21833 110.11786 167.1869 218.40479 1
fall_fall-08/frame0046.jpg 72.167625 113.46275 164.5958 219.98279 1
fall_fall-08/frame0047.jpg 70.85275 117.66166 163.84242 221.55011 1
fall_fall-08/frame0048.jpg 69.14065 119.42675 164.84337 222.61482 1
fall_fall-08/frame0049.jpg 69.33328 123.138985 164.51138 223.07213 1
fall_fall-08/frame0050.jpg 67.08568 127.07492 162.22523 223.61285 1
fall_fall-08/frame0051.jpg 67.17353 129.164 162.98976 223.60036 1
fall_fall-08/frame0052.jpg 68.74977 132.7607 161.49852 221.42065 1
fall_fall-08/frame0053.jpg 67.6339 136.49672 163.97644 223.54326 1
fall_fall-08/frame0054.jpg 70.63099 139.45728 133.40451 222.51772 1
fall_fall-08/frame0055.jpg 69.09125 139.58124 122.62156 221.57112 1
fall_fall-08/frame0056.jpg 67.964485 135.98653 118.034645 221.756 1
fall_fall-08/frame0057.jpg 66.550606 134.00348 116.84508 221.77647 1
fall_fall-08/frame0058.jpg 64.31587 131.57118 116.19861 221.47392 1
fall_fall-09/frame0120.jpg 106.38739 19.323265 147.50185 196.80017 1
fall_fall-09/frame0121.jpg 107.301994 19.91764 147.52399 195.50043 1
fall_fall-09/frame0122.jpg 105.19382 20.903835 146.71773 194.3869 1
fall_fall-09/frame0123.jpg 105.01222 20.815498 146.11946 195.03767 1
fall_fall-09/frame0124.jpg 103.84733 22.162588 146.03522 192.60725 1
fall_fall-09/frame0125.jpg 103.271805 23.15197 145.60452 194.31723 1
fall_fall-09/frame0126.jpg 100.78186 25.748354 143.52988 194.39085 1
fall_fall-09/frame0127.jpg 98.50476 30.607176 142.86093 193.85574 1
fall_fall-09/frame0128.jpg 96.869255 34.291924 142.95935 192.7929 1
fall_fall-09/frame0129.jpg 94.45446 38.663635 144.03435 195.29927 1
fall_fall-09/frame0130.jpg 90.99738 43.134323 144.63991 195.08266 1
fall_fall-09/frame0131.jpg 91.37567 48.740902 143.23099 191.15944 1
fall_fall-09/frame0132.jpg 88.57902 53.024296 144.92642 194.69289 1
fall_fall-09/frame0133.jpg 88.8637 60.325897 144.33481 194.04482 1
fall_fall-09/frame0134.jpg 83.58521 67.46089 145.09438 194.23659 1
fall_fall-09/frame0135.jpg 83.35963 72.700195 143.6021 193.9743 1
fall_fall-09/frame0136.jpg 84.73122 81.91224 143.81975 193.89517 1
fall_fall-09/frame0137.jpg 82.868126 86.33054 144.1265 195.7042 1
fall_fall-09/frame0138.jpg 76.4362 96.91247 141.59727 198.4955 1
fall_fall-09/frame0139.jpg 63.986958 103.13368 141.39647 212.34387 1
fall_fall-09/frame0140.jpg 62.58952 113.56131 142.05727 215.44983 1
fall_fall-09/frame0141.jpg 59.684647 120.5905 140.94865 214.93956 1
fall_fall-09/frame0142.jpg 59.73143 128.2714 139.65672 216.85797 1
fall_fall-09/frame0143.jpg 60.66576 134.35681 139.68906 216.00327 1
fall_fall-09/frame0144.jpg 59.194134 135.18445 137.92174 215.548 1
fall_fall-09/frame0145.jpg 59.1299 139.36964 138.44717 216.47928 1
fall_fall-09/frame0146.jpg 54.61138 141.92677 137.47884 216.79233 1
fall_fall-09/frame0147.jpg 56.516994 145.43015 138.33144 218.16083 1
fall_fall-09/frame0148.jpg 55.935886 148.7296 137.02179 219.72583 1
fall_fall-09/frame0149.jpg 46.454826 147.57126 139.49875 221.40688 1
fall_fall-10/frame0039.jpg 125.29738 76.27373 190.80063 204.05325 1
fall_fall-10/frame0040.jpg 124.32413 78.19338 189.73643 202.68483 1
fall_fall-10/frame0041.jpg 122.94697 81.17713 187.58821 201.1084 1
fall_fall-10/frame0042.jpg 119.34136 84.03929 187.6126 201.90576 1
fall_fall-10/frame0043.jpg 116.08916 87.58721 187.05565 203.91203 1
fall_fall-10/frame0044.jpg 113.70606 90.18831 184.63193 203.15877 1
fall_fall-10/frame0045.jpg 110.483 92.68323 182.89294 203.5037 1
fall_fall-10/frame0046.jpg 107.5433 95.37216 184.84798 203.7522 1
fall_fall-10/frame0047.jpg 103.96334 97.57906 183.89236 202.16148 1
fall_fall-10/frame0048.jpg 102.58084 100.92869 179.982 200.54231 1
fall_fall-10/frame0049.jpg 98.57736 101.75464 180.30533 201.3701 1
fall_fall-10/frame0050.jpg 96.22538 104.28002 175.3351 201.43108 1
fall_fall-10/frame0051.jpg 90.69161 107.7011 173.87062 203.92686 1
fall_fall-10/frame0052.jpg 82.19319 109.51206 172.91327 209.47438 1
fall_fall-10/frame0053.jpg 82.552475 111.309845 168.19934 209.5153 1
fall_fall-10/frame0054.jpg 79.05931 114.88682 166.3478 214.20647 1
fall_fall-10/frame0055.jpg 76.29079 115.653114 165.01396 216.98398 1
fall_fall-10/frame0056.jpg 75.03754 120.69732 163.38417 216.7012 1
fall_fall-10/frame0057.jpg 75.192444 121.394424 166.1628 217.88983 1
fall_fall-10/frame0058.jpg 74.62441 124.64525 162.05467 217.71962 1
fall_fall-10/frame0059.jpg 76.846 128.79594 158.66069 218.05118 1
fall_fall-10/frame0060.jpg 74.44127 132.54465 161.52876 218.26614 1
fall_fall-10/frame0061.jpg 76.09347 134.34167 159.76459 217.27965 1
fall_fall-10/frame0062.jpg 75.53679 137.17448 158.9305 218.67967 1
fall_fall-10/frame0063.jpg 75.278694 138.89906 161.06137 221.40195 1
fall_fall-10/frame0064.jpg 66.086655 143.41318 160.66112 221.92163 1
fall_fall-10/frame0065.jpg 62.62266 148.23788 154.48447 222.92143 1
fall_fall-10/frame0066.jpg 57.74203 150.1407 146.07854 223.30838 1
fall_fall-10/frame0067.jpg 55.40724 153.52983 150.00233 222.4959 1
fall_fall-10/frame0068.jpg 53.068645 154.9593 155.78485 223.47615 1
fall_fall-11/frame0048.jpg 108.4747 0.0 177.76442 221.8363 1
fall_fall-11/frame0049.jpg 103.7453 1.0738916 178.37727 222.48154 1
fall_fall-11/frame0050.jpg 105.61057 1.7035413 176.36461 218.26886 1
fall_fall-11/frame0051.jpg 104.71689 2.5581872 178.19435 222.3443 1
fall_fall-11/frame0052.jpg 104.84669 3.0972352 177.84686 222.88202 1
fall_fall-11/frame0053.jpg 103.45224 6.123821 178.62051 221.87033 1
fall_fall-11/frame0054.jpg 103.98834 7.684636 181.56909 222.08218 1
fall_fall-11/frame0055.jpg 100.255516 16.374676 183.33868 221.78601 1
fall_fall-11/frame0056.jpg 101.444786 15.530993 181.44916 222.05634 1
fall_fall-11/frame0057.jpg 97.76938 24.143267 183.50148 224.0 1
fall_fall-11/frame0058.jpg 96.10174 34.467064 185.7379 223.70393 1
fall_fall-11/frame0059.jpg 92.50957 43.532932 181.46844 222.7709 1
fall_fall-11/frame0060.jpg 94.93846 49.237576 183.73454 222.00093 1
fall_fall-11/frame0061.jpg 94.16788 59.956146 183.10686 222.48235 1
fall_fall-11/frame0062.jpg 92.01271 68.891594 182.20709 222.65596 1
fall_fall-11/frame0063.jpg 88.46264 78.07604 183.53004 222.05788 1
fall_fall-11/frame0064.jpg 88.02047 89.74046 183.19243 221.26537 1
fall_fall-11/frame0065.jpg 88.03582 101.234085 180.26376 220.36598 1
fall_fall-11/frame0066.jpg 84.606674 109.92557 178.26622 220.32661 1
fall_fall-11/frame0067.jpg 82.919754 118.875275 173.02899 220.18268 1
fall_fall-11/frame0068.jpg 76.773895 121.64395 171.46066 221.87367 1
fall_fall-11/frame0069.jpg 75.919495 129.65268 172.6993 222.79784 1
fall_fall-11/frame0070.jpg 75.312805 132.47021 170.31026 222.91805 1
fall_fall-11/frame0071.jpg 70.64439 134.6249 166.55305 223.84357 1
fall_fall-11/frame0072.jpg 67.64844 133.72127 167.4089 223.46947 1
fall_fall-11/frame0073.jpg 68.405945 134.32542 165.60612 221.45074 1
fall_fall-11/frame0074.jpg 74.796074 133.50859 164.40553 223.14815 1
fall_fall-11/frame0075.jpg 65.83796 131.25551 163.83472 221.28166 1
fall_fall-11/frame0076.jpg 67.33975 131.24525 147.22658 221.63179 1
fall_fall-11/frame0077.jpg 70.67938 130.24802 172.09056 220.47293 1
fall_fall-12/frame0024.jpg 131.88107 70.27521 198.52487 215.71666 1
fall_fall-12/frame0025.jpg 130.92001 70.6334 196.67917 218.00282 1
fall_fall-12/frame0026.jpg 129.39796 72.36226 195.87268 217.76149 1
fall_fall-12/frame0027.jpg 127.422935 72.76172 195.60294 217.15549 1
fall_fall-12/frame0028.jpg 126.507744 74.66997 191.95384 217.187 1
fall_fall-12/frame0029.jpg 125.757034 76.159615 193.52824 215.00275 1
fall_fall-12/frame0030.jpg 124.086784 78.05634 195.19104 215.08606 1
fall_fall-12/frame0031.jpg 121.22464 79.52569 198.33183 216.83527 1
fall_fall-12/frame0032.jpg 119.53897 81.12995 191.18582 215.46675 1
fall_fall-12/frame0033.jpg 117.07318 82.951836 195.79315 217.50354 1
fall_fall-12/frame0034.jpg 114.55315 84.196655 190.77957 217.5562 1
fall_fall-12/frame0035.jpg 114.202446 87.0714 190.82677 216.55182 1
fall_fall-12/frame0036.jpg 111.31685 90.913734 188.64351 217.09653 1
fall_fall-12/frame0037.jpg 108.859886 94.27299 188.57372 217.60721 1
fall_fall-12/frame0038.jpg 105.1763 95.77035 191.95398 215.46503 1
fall_fall-12/frame0039.jpg 103.22374 99.64483 193.35378 218.43271 1
fall_fall-12/frame0040.jpg 100.53366 102.7314 193.27643 219.89694 1
fall_fall-12/frame0041.jpg 93.692856 107.245094 193.88028 217.77287 1
fall_fall-12/frame0042.jpg 89.18641 109.078255 191.34357 219.67288 1
fall_fall-12/frame0043.jpg 85.97911 110.72074 194.7993 218.90195 1
fall_fall-12/frame0044.jpg 86.38787 112.52758 192.40799 218.09093 1
fall_fall-12/frame0045.jpg 84.018555 115.396324 192.92165 220.80167 1
fall_fall-12/frame0046.jpg 83.200966 118.26346 191.9821 219.68752 1
fall_fall-12/frame0047.jpg 85.47295 120.86725 187.81503 217.19188 1
fall_fall-12/frame0048.jpg 80.44141 123.4415 186.60455 219.7387 1
fall_fall-12/frame0049.jpg 79.97618 124.893524 183.08035 219.36804 1
fall_fall-12/frame0050.jpg 78.69787 124.598495 182.85866 216.40979 1
fall_fall-12/frame0051.jpg 79.704384 125.93808 182.87222 215.4207 1
fall_fall-12/frame0052.jpg 79.35308 124.3072 182.82475 217.84354 1
fall_fall-12/frame0053.jpg 77.011604 128.3689 182.84752 216.61565 1
fall_fall-13/frame0043.jpg 113.410805 76.25453 141.05325 187.85266 1
fall_fall-13/frame0044.jpg 112.223946 78.11974 141.04034 188.88928 1
fall_fall-13/frame0045.jpg 111.947014 78.99283 140.68442 189.59761 1
fall_fall-13/frame0046.jpg 110.637405 80.13115 139.70226 189.58577 1
fall_fall-13/frame0047.jpg 109.29629 82.37838 139.58017 190.01427 1
fall_fall-13/frame0048.jpg 108.99896 84.84045 138.89339 190.3593 1
fall_fall-13/frame0049.jpg 108.22601 87.57187 137.62773 189.7323 1
fall_fall-13/frame0050.jpg 107.98272 90.38516 137.87921 188.54057 1
fall_fall-13/frame0051.jpg 106.949425 93.662254 136.97249 191.0208 1
fall_fall-13/frame0052.jpg 105.44354 96.66924 136.71161 189.13184 1
fall_fall-13/frame0053.jpg 104.21844 101.02019 136.40468 188.53874 1
fall_fall-13/frame0054.jpg 104.34387 105.04038 135.88472 188.68314 1
fall_fall-13/frame0055.jpg 102.15534 109.45703 135.7526 190.28694 1
fall_fall-13/frame0056.jpg 100.04882 114.77878 135.80284 193.15427 1
fall_fall-13/frame0057.jpg 97.787056 120.17245 134.40587 189.73361 1
fall_fall-13/frame0058.jpg 93.88805 121.35466 133.30286 190.82265 1
fall_fall-13/frame0059.jpg 84.849335 125.61797 133.06711 188.00298 1
fall_fall-13/frame0060.jpg 92.226166 127.79469 132.32498 188.18254 1
fall_fall-13/frame0061.jpg 11.50254 100.853546 39.18721 149.9178 1
fall_fall-13/frame0062.jpg 12.2477455 100.89666 39.18104 147.25307 1
fall_fall-13/frame0063.jpg 68.70703 136.75464 127.670364 222.59074 1
fall_fall-13/frame0064.jpg 67.24008 136.94542 128.05382 224.0 1
fall_fall-13/frame0065.jpg 66.02363 143.30466 126.527214 224.0 1
fall_fall-13/frame0066.jpg 64.7695 146.74274 124.47217 224.0 1
fall_fall-13/frame0067.jpg 61.684006 139.30429 127.00665 224.0 1
fall_fall-13/frame0068.jpg 61.92418 147.2479 125.056885 223.39203 1
fall_fall-13/frame0069.jpg 64.57035 165.29286 121.23802 223.432 1
fall_fall-13/frame0070.jpg 62.0567 170.24304 121.231705 223.64977 1
fall_fall-13/frame0071.jpg 68.68101 181.69853 119.81871 223.46098 1
fall_fall-13/frame0072.jpg 93.8673 176.70627 120.999756 221.00557 1
fall_fall-14/frame0015.jpg 129.37413 101.64378 198.60605 222.51599 1
fall_fall-14/frame0016.jpg 128.15056 102.17805 197.74084 221.57755 1
fall_fall-14/frame0017.jpg 126.02326 102.95652 199.04816 222.60948 1
fall_fall-14/frame0018.jpg 122.84014 105.68325 191.13246 219.42778 1
fall_fall-14/frame0019.jpg 120.35704 106.87718 199.0252 222.59744 1
fall_fall-14/frame0020.jpg 119.78967 107.23976 194.32866 218.76695 1
fall_fall-14/frame0021.jpg 118.59242 109.75026 191.47826 221.67104 1
fall_fall-14/frame0022.jpg 117.398224 111.120575 194.0366 216.73622 1
fall_fall-14/frame0023.jpg 114.69408 111.84782 197.3032 222.03777 1
fall_fall-14/frame0024.jpg 112.986206 113.04533 194.99825 221.54474 1
fall_fall-14/frame0025.jpg 111.134384 115.24153 200.66931 221.53828 1
fall_fall-14/frame0026.jpg 109.908035 116.72912 203.43654 218.53554 1
fall_fall-14/frame0027.jpg 107.47836 117.83548 185.4743 212.43385 1
fall_fall-14/frame0028.jpg 104.26803 119.2141 183.37831 212.34244 1
fall_fall-14/frame0029.jpg 102.72495 120.73505 185.49335 219.6982 1
fall_fall-14/frame0030.jpg 100.67941 122.76412 191.8214 211.0576 1
fall_fall-14/frame0031.jpg 97.40909 124.591835 183.70529 217.5953 1
fall_fall-14/frame0032.jpg 96.24351 126.7615 182.51851 219.29367 1
fall_fall-14/frame0033.jpg 93.38959 130.26874 183.21019 216.89104 1
fall_fall-14/frame0034.jpg 93.209496 131.94757 177.01 216.63698 1
fall_fall-14/frame0035.jpg 86.850655 134.1924 179.65417 222.82986 1
fall_fall-14/frame0036.jpg 83.94231 140.90286 179.01254 220.20103 1
fall_fall-14/frame0037.jpg 80.89597 144.93794 175.71887 220.3447 1
fall_fall-14/frame0038.jpg 81.32435 149.32886 169.17033 220.11792 1
fall_fall-14/frame0039.jpg 74.66259 154.35986 171.90947 221.2042 1
fall_fall-14/frame0040.jpg 78.074646 158.86986 167.75911 222.73347 1
fall_fall-14/frame0041.jpg 65.62147 161.81693 167.94984 222.58524 1
fall_fall-14/frame0042.jpg 81.912476 168.06593 168.98824 222.67628 1
fall_fall-14/frame0043.jpg 85.11328 173.82579 166.5029 221.6405 1
fall_fall-14/frame0044.jpg 45.78094 158.96524 162.23154 222.21416 1
fall_fall-15/frame0027.jpg 114.46712 79.80553 142.75925 188.08357 1
fall_fall-15/frame0028.jpg 113.568954 79.97206 142.1663 189.44566 1
fall_fall-15/frame0029.jpg 113.20964 80.2629 141.01062 191.11864 1
fall_fall-15/frame0030.jpg 111.829254 80.95698 140.81999 191.21765 1
fall_fall-15/frame0031.jpg 111.206894 82.92742 140.94537 191.23364 1
fall_fall-15/frame0032.jpg 109.41411 85.3086 139.00444 190.55344 1
fall_fall-15/frame0033.jpg 108.5577 87.87869 138.95847 190.01924 1
fall_fall-15/frame0034.jpg 107.79537 89.831345 137.9251 192.27222 1
fall_fall-15/frame0035.jpg 106.044495 92.38469 136.57176 192.57985 1
fall_fall-15/frame0036.jpg 105.4769 97.38839 136.55632 191.23761 1
fall_fall-15/frame0037.jpg 105.3868 100.053276 135.96866 190.73076 1
fall_fall-15/frame0038.jpg 103.5639 104.19414 135.5188 190.11829 1
fall_fall-15/frame0039.jpg 101.718216 106.67246 135.47224 190.44797 1
fall_fall-15/frame0040.jpg 101.1629 113.21277 135.6376 190.49544 1
fall_fall-15/frame0041.jpg 98.09335 117.107086 134.2995 191.5696 1
fall_fall-15/frame0042.jpg 97.62482 120.86604 134.26936 183.30911 1
fall_fall-15/frame0043.jpg 93.40862 123.28724 133.71176 186.34602 1
fall_fall-15/frame0044.jpg 85.66987 127.92193 132.73561 192.13058 1
fall_fall-15/frame0045.jpg 80.72222 129.61298 131.35199 211.88792 1
fall_fall-15/frame0046.jpg 85.14521 132.45499 131.56505 191.54979 1
fall_fall-15/frame0047.jpg 84.7282 134.98517 129.8917 185.7603 1
fall_fall-15/frame0048.jpg 65.47837 140.33273 129.46481 223.15826 1
fall_fall-15/frame0049.jpg 119.11599 169.29013 129.98692 187.68167 1
fall_fall-15/frame0050.jpg 62.42577 145.29161 125.023895 223.68929 1
fall_fall-15/frame0051.jpg 60.83282 135.9524 130.25467 224.0 1
fall_fall-15/frame0052.jpg 62.231834 139.80556 126.8432 223.0815 1
fall_fall-15/frame0053.jpg 58.21585 144.67967 125.37906 224.0 1
fall_fall-15/frame0054.jpg 67.11927 160.07704 120.80594 223.85382 1
fall_fall-15/frame0055.jpg 68.10259 163.30211 121.439514 223.62259 1
fall_fall-15/frame0056.jpg 59.649258 172.05902 118.919624 223.36143 1
fall_fall-16/frame0016.jpg 133.0619 99.16887 197.10825 222.66768 1
fall_fall-16/frame0017.jpg 129.99121 99.767 196.29404 221.85376 1
fall_fall-16/frame0018.jpg 130.0068 101.530266 191.99385 220.8933 1
fall_fall-16/frame0019.jpg 126.24593 103.44741 192.98004 222.42961 1
fall_fall-16/frame0020.jpg 125.565056 104.798836 190.17133 220.63414 1
fall_fall-16/frame0021.jpg 120.62063 105.93244 191.65176 222.8267 1
fall_fall-16/frame0022.jpg 120.636055 108.517914 190.37488 222.21931 1
fall_fall-16/frame0023.jpg 119.182274 110.25873 189.32445 222.11711 1
fall_fall-16/frame0024.jpg 117.142334 110.19179 190.38976 222.26375 1
fall_fall-16/frame0025.jpg 113.89829 112.331894 194.62582 222.32442 1
fall_fall-16/frame0026.jpg 112.18515 113.29148 187.86705 222.13585 1
fall_fall-16/frame0027.jpg 111.46717 115.44104 183.76508 222.89197 1
fall_fall-16/frame0028.jpg 109.224266 116.96559 182.419 222.96548 1
fall_fall-16/frame0029.jpg 106.880295 117.79127 180.35985 222.34906 1
fall_fall-16/frame0030.jpg 104.37537 119.38274 177.88434 221.981 1
fall_fall-16/frame0031.jpg 101.24434 121.114204 176.25468 222.74736 1
fall_fall-16/frame0032.jpg 99.19914 121.76207 174.73123 221.50325 1
fall_fall-16/frame0033.jpg 96.823524 124.00907 174.90471 221.66776 1
fall_fall-16/frame0034.jpg 95.504616 125.66935 173.3532 220.88036 1
fall_fall-16/frame0035.jpg 96.03813 128.22762 172.93155 219.94476 1
fall_fall-16/frame0036.jpg 92.82411 130.0584 175.71364 222.98842 1
fall_fall-16/frame0037.jpg 88.35871 131.58481 173.63908 219.91747 1
fall_fall-16/frame0038.jpg 86.450516 136.0089 173.2312 221.54745 1
fall_fall-16/frame0039.jpg 83.39919 140.28836 167.76056 218.20827 1
fall_fall-16/frame0040.jpg 79.86994 143.59262 167.27779 219.73476 1
fall_fall-16/frame0041.jpg 81.1883 149.1811 163.79381 218.7432 1
fall_fall-16/frame0042.jpg 79.461266 155.1947 163.44098 218.99136 1
fall_fall-16/frame0043.jpg 80.17612 160.10207 162.64598 220.87283 1
fall_fall-16/frame0044.jpg 76.31282 164.94821 163.03831 222.31865 1
fall_fall-16/frame0045.jpg 74.33357 168.59154 165.04924 220.62498 1
fall_fall-17/frame0058.jpg 103.97017 78.68215 136.67038 193.55959 1
fall_fall-17/frame0059.jpg 102.065384 79.831635 135.82404 191.99673 1
fall_fall-17/frame0060.jpg 101.18478 81.469505 135.20549 192.53564 1
fall_fall-17/frame0061.jpg 99.70508 84.59553 135.40526 194.76126 1
fall_fall-17/frame0062.jpg 99.26602 86.76893 134.65323 193.91757 1
fall_fall-17/frame0063.jpg 96.68899 88.93232 134.55432 194.68445 1
fall_fall-17/frame0064.jpg 95.984535 91.11989 132.51874 193.56456 1
fall_fall-17/frame0065.jpg 94.9004 95.192245 130.1214 192.80461 1
fall_fall-17/frame0066.jpg 94.52584 98.38244 130.2481 191.1457 1
fall_fall-17/frame0067.jpg 94.42904 102.23877 129.40189 192.48547 1
fall_fall-17/frame0068.jpg 93.32498 103.88533 128.44357 193.45184 1
fall_fall-17/frame0069.jpg 92.9681 108.77844 128.59293 190.49121 1
fall_fall-17/frame0070.jpg 91.42004 113.48942 128.0426 186.07822 1
fall_fall-17/frame0071.jpg 89.59165 116.89173 128.81665 203.11163 1
fall_fall-17/frame0072.jpg 87.24195 123.64207 128.33815 198.3889 1
fall_fall-17/frame0073.jpg 87.5321 128.71924 127.4399 195.40302 1
fall_fall-17/frame0074.jpg 86.979294 133.18721 129.23604 209.46886 1
fall_fall-17/frame0075.jpg 88.07171 139.3769 128.37503 195.05777 1
fall_fall-17/frame0076.jpg 81.435036 141.51605 133.08624 223.18436 1
fall_fall-17/frame0077.jpg 82.35509 146.18881 134.7697 223.12138 1
fall_fall-17/frame0078.jpg 83.90816 152.50536 130.51877 223.31972 1
fall_fall-17/frame0079.jpg 81.572334 156.23375 132.54512 222.39352 1
fall_fall-17/frame0080.jpg 85.601746 159.72395 133.88982 223.09364 1
fall_fall-17/frame0081.jpg 85.707726 164.1259 130.67401 223.12814 1
fall_fall-17/frame0082.jpg 94.65323 169.229 130.08775 222.69933 1
fall_fall-17/frame0083.jpg 82.10223 178.24763 129.37831 223.687 1
fall_fall-17/frame0084.jpg 80.42573 175.01718 132.01651 223.01627 1
fall_fall-17/frame0085.jpg 81.874565 182.61917 131.74596 223.19838 1
fall_fall-17/frame0086.jpg 82.144585 181.20604 133.84547 224.0 1
fall_fall-17/frame0087.jpg 81.02799 179.80214 133.39519 223.9839 1
fall_fall-18/frame0015.jpg 135.58572 96.14488 194.17775 221.49373 1
fall_fall-18/frame0016.jpg 134.53426 97.71217 195.11414 222.12077 1
fall_fall-18/frame0017.jpg 132.42166 99.66016 194.41377 222.38715 1
fall_fall-18/frame0018.jpg 129.7472 101.831406 192.73027 222.05394 1
fall_fall-18/frame0019.jpg 127.17469 104.55917 192.47731 221.88411 1
fall_fall-18/frame0020.jpg 123.930626 106.661415 192.50749 222.13809 1
fall_fall-18/frame0021.jpg 121.37764 108.84432 190.07509 221.23637 1
fall_fall-18/frame0022.jpg 119.80755 111.00733 186.35922 220.68195 1
fall_fall-18/frame0023.jpg 118.14033 113.596054 187.38216 222.50249 1
fall_fall-18/frame0024.jpg 114.37977 116.868034 187.27776 219.73859 1
fall_fall-18/frame0025.jpg 112.7928 117.51589 186.6993 220.1203 1
fall_fall-18/frame0026.jpg 109.555954 119.800385 187.39168 222.12689 1
fall_fall-18/frame0027.jpg 105.10079 121.24902 181.33556 223.11905 1
fall_fall-18/frame0028.jpg 103.76796 122.7529 180.76677 223.32677 1
fall_fall-18/frame0029.jpg 99.00596 124.63502 177.25574 222.36784 1
fall_fall-18/frame0030.jpg 97.284874 127.214455 180.15509 223.04012 1
fall_fall-18/frame0031.jpg 93.706535 128.71947 179.04472 222.02345 1
fall_fall-18/frame0032.jpg 93.65805 129.88861 177.4215 222.77536 1
fall_fall-18/frame0033.jpg 88.82615 134.30153 175.30455 223.59962 1
fall_fall-18/frame0034.jpg 82.73662 135.4342 173.28928 223.69641 1
fall_fall-18/frame0035.jpg 75.25178 139.4968 170.81844 222.23177 1
fall_fall-18/frame0036.jpg 78.3071 142.62227 167.51166 223.69089 1
fall_fall-18/frame0037.jpg 78.15229 146.10316 163.6803 223.1264 1
fall_fall-18/frame0038.jpg 76.7744 153.78113 164.28127 223.50612 1
fall_fall-18/frame0039.jpg 64.39068 173.6453 87.210625 199.1053 1
fall_fall-18/frame0040.jpg 57.10641 175.25536 82.977135 205.12961 1
fall_fall-18/frame0041.jpg 54.36481 182.42812 80.37393 213.15631 1
fall_fall-18/frame0042.jpg 72.79597 179.34991 127.64758 223.66138 1
fall_fall-18/frame0043.jpg 70.80542 181.5687 129.24811 223.9503 1
fall_fall-18/frame0044.jpg 70.50164 185.2545 158.30737 223.3662 1
fall_fall-19/frame0024.jpg 110.37053 73.763535 137.49884 186.08263 1
fall_fall-19/frame0025.jpg 110.71529 72.90305 137.82915 187.14594 1
fall_fall-19/frame0026.jpg 109.92806 72.46783 137.42438 190.63594 1
fall_fall-19/frame0027.jpg 108.79353 74.084114 137.0355 190.4706 1
fall_fall-19/frame0028.jpg 108.55082 72.360825 137.44783 192.91379 1
fall_fall-19/frame0029.jpg 107.7143 72.45471 137.33762 193.55243 1
fall_fall-19/frame0030.jpg 107.16485 73.25466 137.3348 193.63593 1
fall_fall-19/frame0031.jpg 106.57002 73.246414 137.2781 194.27878 1
fall_fall-19/frame0032.jpg 107.19609 73.48545 137.40892 195.25543 1
fall_fall-19/frame0033.jpg 105.66519 74.23085 137.18703 195.4644 1
fall_fall-19/frame0034.jpg 105.01212 77.28605 136.82802 195.52304 1
fall_fall-19/frame0035.jpg 104.15804 78.84798 137.18178 194.49698 1
fall_fall-19/frame0036.jpg 104.25717 79.77095 137.45224 194.29465 1
fall_fall-19/frame0037.jpg 104.522484 83.94429 137.40738 193.72585 1
fall_fall-19/frame0038.jpg 104.4396 87.10007 137.56708 193.64558 1
fall_fall-19/frame0039.jpg 104.625015 90.3544 137.66624 194.01611 1
fall_fall-19/frame0040.jpg 104.67727 97.48076 140.2685 194.48866 1
fall_fall-19/frame0041.jpg 106.19961 101.491356 137.74727 193.9036 1
fall_fall-19/frame0042.jpg 105.573456 108.68945 137.01398 193.40813 1
fall_fall-19/frame0043.jpg 105.73193 113.10735 138.1351 197.06535 1
fall_fall-19/frame0044.jpg 104.47065 118.59987 138.36499 211.87404 1
fall_fall-19/frame0045.jpg 103.11931 119.58276 138.42343 223.08635 1
fall_fall-19/frame0046.jpg 103.88736 130.40932 137.82661 194.67192 1
fall_fall-19/frame0047.jpg 102.405556 138.55391 140.38443 223.24161 1
fall_fall-19/frame0048.jpg 101.02953 146.27998 137.11816 223.18631 1
fall_fall-19/frame0049.jpg 99.23526 154.81133 142.09526 223.6066 1
fall_fall-19/frame0050.jpg 98.410675 160.66234 145.21399 224.0 1
fall_fall-19/frame0051.jpg 97.65195 166.50871 146.94667 223.56244 1
fall_fall-19/frame0052.jpg 45.47309 158.43579 78.77337 200.0418 1
fall_fall-19/frame0053.jpg 96.71155 178.9732 148.30177 224.0 1
fall_fall-20/frame0017.jpg 137.50403 91.47015 192.63167 222.2086 1
fall_fall-20/frame0018.jpg 137.99011 90.61013 190.53119 223.96307 1
fall_fall-20/frame0019.jpg 139.55733 90.9151 199.45996 220.80861 1
fall_fall-20/frame0020.jpg 137.8138 90.38106 190.57083 223.38315 1
fall_fall-20/frame0021.jpg 138.30354 88.022804 194.9179 222.80324 1
fall_fall-20/frame0022.jpg 137.04164 89.216225 187.09181 222.85501 1
fall_fall-20/frame0023.jpg 135.84995 89.19753 186.53801 222.53413 1
fall_fall-20/frame0024.jpg 133.64453 89.081955 185.82257 222.91078 1
fall_fall-20/frame0025.jpg 131.16743 88.96884 184.50862 221.13646 1
fall_fall-20/frame0026.jpg 126.765205 90.60143 182.95758 222.11 1
fall_fall-20/frame0027.jpg 124.88628 88.53323 183.51968 219.92088 1
fall_fall-20/frame0028.jpg 122.581764 87.92228 182.01251 221.38277 1
fall_fall-20/frame0029.jpg 121.127365 88.36909 180.40468 221.02979 1
fall_fall-20/frame0030.jpg 118.5084 88.084335 179.49039 220.0205 1
fall_fall-20/frame0031.jpg 120.366684 88.073944 177.81906 218.96321 1
fall_fall-20/frame0032.jpg 119.47271 89.0601 175.7293 215.25642 1
fall_fall-20/frame0033.jpg 111.73528 88.47616 174.24843 218.74263 1
fall_fall-20/frame0034.jpg 113.21911 90.016266 173.64226 219.32494 1
fall_fall-20/frame0035.jpg 130.68236 92.57973 171.36057 221.24313 1
fall_fall-20/frame0036.jpg 131.55658 96.380974 170.70084 222.2471 1
fall_fall-20/frame0037.jpg 126.20529 95.92171 167.55385 221.4003 1
fall_fall-20/frame0038.jpg 126.35211 97.371254 165.52391 218.82756 1
fall_fall-20/frame0039.jpg 123.35081 99.674225 164.56647 220.68689 1
fall_fall-20/frame0040.jpg 129.95897 103.092155 161.057 221.77281 1
fall_fall-20/frame0041.jpg 123.839874 109.56242 160.7724 222.82564 1
fall_fall-20/frame0042.jpg 120.495445 112.65918 161.1601 222.19696 1
fall_fall-20/frame0043.jpg 121.097176 118.53015 162.26973 223.13055 1
fall_fall-20/frame0044.jpg 119.75264 123.479065 157.31903 221.8384 1
fall_fall-20/frame0045.jpg 118.815796 131.40169 160.19212 210.09584 1
fall_fall-20/frame0046.jpg 117.95911 136.82683 153.97269 204.14372 1
fall_fall-21/frame0020.jpg 103.6465 74.738716 133.06445 193.83896 1
fall_fall-21/frame0021.jpg 103.13864 75.19092 133.32213 194.47217 1
fall_fall-21/frame0022.jpg 102.32648 74.93873 132.9696 194.17181 1
fall_fall-21/frame0023.jpg 102.008545 75.30773 132.8627 194.86032 1
fall_fall-21/frame0024.jpg 101.577934 75.31349 132.63152 194.97107 1
fall_fall-21/frame0025.jpg 100.89123 76.60007 132.51591 195.28918 1
fall_fall-21/frame0026.jpg 99.61223 77.57583 132.35335 194.76453 1
fall_fall-21/frame0027.jpg 98.778366 79.02128 132.15166 195.77844 1
fall_fall-21/frame0028.jpg 99.72284 80.39625 132.86517 196.70724 1
fall_fall-21/frame0029.jpg 99.330025 83.97614 131.91475 198.27925 1
fall_fall-21/frame0030.jpg 98.997894 87.67813 131.9206 198.37651 1
fall_fall-21/frame0031.jpg 99.2754 89.97589 131.53195 199.447 1
fall_fall-21/frame0032.jpg 98.95571 94.59384 131.97296 197.69554 1
fall_fall-21/frame0033.jpg 99.21648 98.94252 132.18793 198.10165 1
fall_fall-21/frame0034.jpg 99.59175 103.3 132.11142 197.59247 1
fall_fall-21/frame0035.jpg 99.27294 106.71637 131.92514 197.2515 1
fall_fall-21/frame0036.jpg 99.31733 110.976265 131.85146 197.62512 1
fall_fall-21/frame0037.jpg 98.89492 114.63185 132.41342 198.94418 1
fall_fall-21/frame0038.jpg 100.093094 119.845245 133.82117 201.52086 1
fall_fall-21/frame0039.jpg 99.16886 122.74678 133.31918 201.83946 1
fall_fall-21/frame0040.jpg 97.98226 127.30779 134.0492 221.95834 1
fall_fall-21/frame0041.jpg 98.61048 134.05241 133.2583 199.33647 1
fall_fall-21/frame0042.jpg 96.59796 137.71071 136.05609 204.21532 1
fall_fall-21/frame0043.jpg 97.65342 144.93413 138.87553 223.92851 1
fall_fall-21/frame0044.jpg 96.333015 151.0127 141.01958 223.04625 1
fall_fall-21/frame0045.jpg 92.9732 156.34674 144.49731 223.10812 1
fall_fall-21/frame0046.jpg 92.9009 162.80379 147.1171 223.49501 1
fall_fall-21/frame0047.jpg 95.194855 171.81087 149.65273 224.0 1
fall_fall-21/frame0048.jpg 91.95325 173.11525 150.33076 223.32692 1
fall_fall-21/frame0049.jpg 91.68329 181.96036 147.1602 223.37804 1
fall_fall-22/frame0003.jpg 135.58223 85.57284 199.47702 222.79756 1
fall_fall-22/frame0004.jpg 135.9794 84.800156 199.24518 223.40001 1
fall_fall-22/frame0005.jpg 138.25865 85.0797 198.26494 223.75787 1
fall_fall-22/frame0006.jpg 136.6537 85.8521 198.23618 223.65944 1
fall_fall-22/frame0007.jpg 135.17157 86.217285 197.88498 223.21716 1
fall_fall-22/frame0008.jpg 134.49525 88.127464 198.60791 222.80293 1
fall_fall-22/frame0009.jpg 135.37434 90.56537 196.99632 221.97714 1
fall_fall-22/frame0010.jpg 132.7491 92.98362 196.77603 222.34964 1
fall_fall-22/frame0011.jpg 130.63904 96.85633 192.33235 217.79356 1
fall_fall-22/frame0012.jpg 126.432594 97.86628 195.01811 221.43983 1
fall_fall-22/frame0013.jpg 123.98253 103.84634 195.84488 210.5936 1
fall_fall-22/frame0014.jpg 120.20784 104.38793 194.02284 219.03856 1
fall_fall-22/frame0015.jpg 117.2367 109.87556 188.53146 212.3019 1
fall_fall-22/frame0016.jpg 113.31732 111.25397 186.45915 220.34059 1
fall_fall-22/frame0017.jpg 106.966255 114.47162 184.96335 220.20036 1
fall_fall-22/frame0018.jpg 105.52671 118.65983 184.8229 221.65228 1
fall_fall-22/frame0019.jpg 99.28936 121.95166 178.97603 220.86288 1
fall_fall-22/frame0020.jpg 95.50647 126.276344 180.09166 219.62767 1
fall_fall-22/frame0021.jpg 93.96786 127.68655 182.56041 221.07776 1
fall_fall-22/frame0022.jpg 90.543465 130.66547 180.38574 220.36592 1
fall_fall-22/frame0023.jpg 84.901665 133.76656 177.84 217.87337 1
fall_fall-22/frame0024.jpg 78.64149 138.81476 173.35654 217.06502 1
fall_fall-22/frame0025.jpg 75.96636 142.64117 171.03918 223.90868 1
fall_fall-22/frame0026.jpg 72.84074 147.72661 167.25298 222.27254 1
fall_fall-22/frame0027.jpg 76.27124 153.22339 164.53856 224.0 1
fall_fall-22/frame0028.jpg 69.247406 157.15506 163.27826 224.0 1
fall_fall-22/frame0029.jpg 64.19434 161.93604 164.11064 223.34473 1
fall_fall-22/frame0030.jpg 63.106064 167.73418 166.21376 223.59988 1
fall_fall-22/frame0031.jpg 53.484253 171.7803 162.2937 223.91312 1
fall_fall-22/frame0032.jpg 61.731827 178.58873 161.97267 223.11372 1
fall_fall-23/frame0026.jpg 102.84424 78.77769 132.67224 189.50404 1
fall_fall-23/frame0027.jpg 101.73572 78.7176 132.55502 192.5695 1
fall_fall-23/frame0028.jpg 99.945015 79.61659 132.51088 192.80661 1
fall_fall-23/frame0029.jpg 98.79334 80.6327 132.50208 192.53415 1
fall_fall-23/frame0030.jpg 98.28738 78.47851 132.18921 191.56728 1
fall_fall-23/frame0031.jpg 97.718 80.18333 132.04556 192.75488 1
fall_fall-23/frame0032.jpg 97.3324 80.92224 132.15106 194.52261 1
fall_fall-23/frame0033.jpg 96.64303 83.462135 132.41216 193.74474 1
fall_fall-23/frame0034.jpg 96.332115 86.29595 132.37622 193.24507 1
fall_fall-23/frame0035.jpg 97.09411 88.78179 132.59889 192.4309 1
fall_fall-23/frame0036.jpg 97.50223 91.60906 132.94312 195.23354 1
fall_fall-23/frame0037.jpg 99.402016 95.42731 132.42679 195.27676 1
fall_fall-23/frame0038.jpg 99.29021 98.49238 133.24037 195.17824 1
fall_fall-23/frame0039.jpg 100.29381 102.830246 133.01859 196.50696 1
fall_fall-23/frame0040.jpg 100.57589 106.987724 133.40363 197.30952 1
fall_fall-23/frame0041.jpg 101.19394 110.464134 133.54692 198.82947 1
fall_fall-23/frame0042.jpg 100.59346 113.309235 133.68924 200.04204 1
fall_fall-23/frame0043.jpg 100.6866 120.592094 134.65569 206.87416 1
fall_fall-23/frame0044.jpg 101.65728 125.925865 133.98502 216.9766 1
fall_fall-23/frame0045.jpg 98.68822 130.25754 135.32672 215.62183 1
fall_fall-23/frame0046.jpg 98.20998 135.59856 136.96286 216.41994 1
fall_fall-23/frame0047.jpg 97.97682 139.82904 136.43404 223.41768 1
fall_fall-23/frame0048.jpg 96.4193 144.68913 137.58409 222.51152 1
fall_fall-23/frame0049.jpg 92.748985 148.90169 137.32442 223.27834 1
fall_fall-23/frame0050.jpg 89.62042 152.1309 137.1742 224.0 1
fall_fall-23/frame0051.jpg 88.18216 157.84497 136.78195 223.79773 1
fall_fall-23/frame0052.jpg 86.89888 160.73172 139.99188 223.2075 1
fall_fall-23/frame0053.jpg 85.61469 165.50215 140.77637 223.20464 1
fall_fall-23/frame0054.jpg 84.02565 167.98706 140.68823 222.7352 1
fall_fall-23/frame0055.jpg 84.434235 173.171 142.38522 223.85313 1
fall_fall-24/frame0011.jpg 136.74973 87.21693 193.28615 221.77275 1
fall_fall-24/frame0012.jpg 137.0194 88.71764 196.60567 222.1408 1
fall_fall-24/frame0013.jpg 137.34457 88.94578 195.56065 222.67342 1
fall_fall-24/frame0014.jpg 135.3216 91.614426 196.1477 222.53345 1
fall_fall-24/frame0015.jpg 132.71414 95.43739 188.68706 221.00325 1
fall_fall-24/frame0016.jpg 126.26525 98.04071 189.69783 219.11087 1
fall_fall-24/frame0017.jpg 122.247185 100.499054 193.56688 222.37889 1
fall_fall-24/frame0018.jpg 118.55894 103.319695 188.51111 222.2809 1
fall_fall-24/frame0019.jpg 116.66625 106.69666 185.50781 222.84615 1
fall_fall-24/frame0020.jpg 109.23024 109.73645 182.43452 221.28285 1
fall_fall-24/frame0021.jpg 107.6933 114.491875 182.98978 223.16133 1
fall_fall-24/frame0022.jpg 100.184975 118.29602 179.75366 221.8331 1
fall_fall-24/frame0023.jpg 97.039246 122.21161 180.33797 221.61041 1
fall_fall-24/frame0024.jpg 93.88516 127.97119 176.12479 221.63054 1
fall_fall-24/frame0025.jpg 92.65599 130.35887 179.09117 222.59686 1
fall_fall-24/frame0026.jpg 91.787346 133.99776 174.24164 222.15746 1
fall_fall-24/frame0027.jpg 81.35015 137.29643 174.43384 220.65912 1
fall_fall-24/frame0028.jpg 79.72036 140.28207 166.1436 216.37337 1
fall_fall-24/frame0029.jpg 72.54899 144.76591 164.50679 223.3538 1
fall_fall-24/frame0030.jpg 76.3656 149.51813 166.82753 223.84677 1
fall_fall-24/frame0031.jpg 69.24989 152.05731 166.70168 224.0 1
fall_fall-24/frame0032.jpg 68.09755 156.67322 162.73438 224.0 1
fall_fall-24/frame0033.jpg 69.53675 160.36324 160.09839 224.0 1
fall_fall-24/frame0034.jpg 67.06622 165.57912 158.50177 224.0 1
fall_fall-24/frame0035.jpg 58.753143 170.49461 160.28004 223.97781 1
fall_fall-24/frame0036.jpg 69.68767 172.97423 155.59328 223.21959 1
fall_fall-24/frame0037.jpg 57.807213 177.45201 155.6235 223.62355 1
fall_fall-24/frame0038.jpg 104.956535 182.62251 143.47533 224.0 1
fall_fall-24/frame0039.jpg 54.31605 179.76024 157.05298 223.38637 1
fall_fall-24/frame0040.jpg 107.2468 187.89029 129.5507 223.99297 1
fall_fall-25/frame0044.jpg 102.71126 92.16262 141.27776 193.80707 1
fall_fall-25/frame0045.jpg 100.45521 94.03854 142.49223 194.52628 1
fall_fall-25/frame0046.jpg 100.60233 94.80714 142.7276 194.17761 1
fall_fall-25/frame0047.jpg 97.439545 95.4956 144.7995 194.21661 1
fall_fall-25/frame0048.jpg 95.29717 96.384926 144.89877 194.34293 1
fall_fall-25/frame0049.jpg 94.36451 97.07146 143.68619 193.80644 1
fall_fall-25/frame0050.jpg 92.83451 97.103836 142.95929 194.10225 1
fall_fall-25/frame0051.jpg 92.88629 98.03384 143.4864 193.83951 1
fall_fall-25/frame0052.jpg 92.05251 98.837395 143.92294 193.60175 1
fall_fall-25/frame0053.jpg 92.013176 99.69041 142.39438 193.72089 1
fall_fall-25/frame0054.jpg 92.34405 101.657585 141.56047 193.85603 1
fall_fall-25/frame0055.jpg 91.44598 102.61956 142.13062 193.85704 1
fall_fall-25/frame0056.jpg 91.80095 105.23643 141.72406 194.03754 1
fall_fall-25/frame0057.jpg 90.420265 108.079094 141.37329 193.59561 1
fall_fall-25/frame0058.jpg 90.57156 110.67484 142.2519 193.18552 1
fall_fall-25/frame0059.jpg 89.256325 113.71676 142.10399 193.8256 1
fall_fall-25/frame0060.jpg 88.22588 118.90011 140.79881 197.16656 1
fall_fall-25/frame0061.jpg 89.603195 121.90747 135.37323 196.73894 1
fall_fall-25/frame0062.jpg 90.235146 126.95575 136.19522 195.33916 1
fall_fall-25/frame0063.jpg 89.02732 132.01355 137.44992 197.23021 1
fall_fall-25/frame0064.jpg 88.502716 137.90028 135.93098 217.6315 1
fall_fall-25/frame0065.jpg 85.012695 147.18272 142.31023 224.0 1
fall_fall-25/frame0066.jpg 83.66355 150.89471 142.85092 222.92628 1
fall_fall-25/frame0067.jpg 82.53448 158.39484 140.67654 223.71045 1
fall_fall-25/frame0068.jpg 61.98683 160.21312 74.33308 198.52055 1
fall_fall-25/frame0069.jpg 79.67585 173.80302 147.10083 223.79916 1
fall_fall-25/frame0070.jpg 81.78621 174.43242 144.76416 224.0 1
fall_fall-25/frame0071.jpg 81.5912 178.69856 145.60837 223.86685 1
fall_fall-25/frame0072.jpg 118.09878 171.9965 130.26443 196.02838 1
fall_fall-25/frame0073.jpg 101.03223 171.34116 131.501 199.42876 1
fall_fall-26/frame0012.jpg 126.148476 95.66521 187.239 221.16273 1
fall_fall-26/frame0013.jpg 122.45152 95.37317 191.24792 221.12704 1
fall_fall-26/frame0014.jpg 121.63979 98.006096 183.12889 221.90895 1
fall_fall-26/frame0015.jpg 118.522156 99.45674 183.46852 221.40149 1
fall_fall-26/frame0016.jpg 116.8097 99.028175 182.96301 221.2306 1
fall_fall-26/frame0017.jpg 115.517715 99.98676 182.22093 220.85007 1
fall_fall-26/frame0018.jpg 113.083755 101.23602 179.9145 221.35515 1
fall_fall-26/frame0019.jpg 110.60304 101.387924 178.96393 221.04247 1
fall_fall-26/frame0020.jpg 109.49224 102.51152 175.83757 220.65843 1
fall_fall-26/frame0021.jpg 107.542366 103.83545 175.10023 221.84752 1
fall_fall-26/frame0022.jpg 108.52696 105.80158 176.38615 222.54959 1
fall_fall-26/frame0023.jpg 105.79171 107.806786 173.22952 222.81152 1
fall_fall-26/frame0024.jpg 103.361 108.860886 171.91435 222.57028 1
fall_fall-26/frame0025.jpg 103.4306 109.94045 169.03056 220.2986 1
fall_fall-26/frame0026.jpg 102.41335 112.05361 167.21878 222.5519 1
fall_fall-26/frame0027.jpg 96.05863 113.18286 164.33113 220.98169 1
fall_fall-26/frame0028.jpg 96.70357 118.76611 164.99103 223.2232 1
fall_fall-26/frame0029.jpg 92.22834 120.627464 163.82751 222.20813 1
fall_fall-26/frame0030.jpg 87.29531 120.485535 158.20438 222.50041 1
fall_fall-26/frame0031.jpg 84.82937 125.65177 156.48958 221.84135 1
fall_fall-26/frame0032.jpg 76.38618 128.05423 157.53214 221.64568 1
fall_fall-26/frame0033.jpg 77.58247 133.75845 155.00513 222.05812 1
fall_fall-26/frame0034.jpg 72.89333 139.98006 155.80865 222.46371 1
fall_fall-26/frame0035.jpg 66.30181 142.96152 154.85344 223.19875 1
fall_fall-26/frame0036.jpg 64.37514 153.04349 158.55716 223.1008 1
fall_fall-26/frame0037.jpg 63.793186 156.54813 156.04376 223.60332 1
fall_fall-26/frame0038.jpg 59.74549 162.53209 150.74178 223.18913 1
fall_fall-26/frame0039.jpg 54.41869 169.29784 150.41339 223.07411 1
fall_fall-26/frame0040.jpg 52.41151 172.35338 151.67557 223.4605 1
fall_fall-26/frame0041.jpg 51.48782 181.91208 149.43692 223.44624 1
fall_fall-27/frame0050.jpg 96.41556 76.090935 131.72142 196.51173 1
fall_fall-27/frame0051.jpg 95.213554 77.22112 130.4151 195.98024 1
fall_fall-27/frame0052.jpg 94.001366 78.78025 129.22945 195.14578 1
fall_fall-27/frame0053.jpg 93.080605 80.15838 129.54912 194.84897 1
fall_fall-27/frame0054.jpg 93.10781 81.810005 129.09308 195.12798 1
fall_fall-27/frame0055.jpg 92.262596 83.54401 129.37878 195.54825 1
fall_fall-27/frame0056.jpg 90.72017 85.333916 130.25336 195.28293 1
fall_fall-27/frame0057.jpg 88.89525 87.297295 130.26164 195.27237 1
fall_fall-27/frame0058.jpg 87.43474 89.15493 130.31175 196.23622 1
fall_fall-27/frame0059.jpg 87.22798 92.79265 131.60849 196.09848 1
fall_fall-27/frame0060.jpg 85.81894 94.53391 130.28636 196.39963 1
fall_fall-27/frame0061.jpg 83.50438 95.62349 130.47787 197.1311 1
fall_fall-27/frame0062.jpg 82.651306 99.37907 131.3493 196.55551 1
fall_fall-27/frame0063.jpg 82.098335 101.84443 129.84116 197.49625 1
fall_fall-27/frame0064.jpg 79.08493 104.76301 130.95331 197.45561 1
fall_fall-27/frame0065.jpg 77.34898 108.31435 130.21341 198.79224 1
fall_fall-27/frame0066.jpg 76.02323 111.78015 131.33487 198.82426 1
fall_fall-27/frame0067.jpg 76.25832 115.049255 131.06567 200.41898 1
fall_fall-27/frame0068.jpg 74.40021 118.75464 126.90482 201.0005 1
fall_fall-27/frame0069.jpg 74.528366 122.67702 127.78965 200.89078 1
fall_fall-27/frame0070.jpg 77.7368 127.24406 128.06621 199.18259 1
fall_fall-27/frame0071.jpg 77.26653 132.83533 128.11444 199.63525 1
fall_fall-27/frame0072.jpg 70.45391 140.8777 125.223915 206.295 1
fall_fall-27/frame0073.jpg 69.55774 144.88737 125.9297 223.54926 1
fall_fall-27/frame0074.jpg 63.72162 153.19264 132.91188 224.0 1
fall_fall-27/frame0075.jpg 64.69523 161.06746 134.83382 224.0 1
fall_fall-27/frame0076.jpg 65.166275 162.85666 134.95535 223.56618 1
fall_fall-27/frame0077.jpg 64.10641 169.81612 136.58966 223.97185 1
fall_fall-27/frame0078.jpg 66.617 171.36041 134.23401 223.13467 1
fall_fall-27/frame0079.jpg 65.52436 173.91608 134.66412 224.0 1
fall_fall-28/frame0026.jpg 124.24171 95.13301 185.15067 220.92273 1
fall_fall-28/frame0027.jpg 121.62936 96.41332 184.6596 219.26988 1
fall_fall-28/frame0028.jpg 118.27135 97.499 184.57675 219.37422 1
fall_fall-28/frame0029.jpg 115.923935 97.92202 182.66945 219.3916 1
fall_fall-28/frame0030.jpg 112.95375 98.86673 181.92348 220.70844 1
fall_fall-28/frame0031.jpg 111.94422 101.94718 180.08539 219.37741 1
fall_fall-28/frame0032.jpg 110.1323 100.6262 175.37302 219.90924 1
fall_fall-28/frame0033.jpg 107.93813 101.23515 174.34898 218.08131 1
fall_fall-28/frame0034.jpg 108.31884 102.87763 175.86496 221.75157 1
fall_fall-28/frame0035.jpg 105.8873 104.49166 173.94757 222.28796 1
fall_fall-28/frame0036.jpg 103.41948 104.92232 170.95244 222.62074 1
fall_fall-28/frame0037.jpg 103.592834 107.243744 168.36162 220.0728 1
fall_fall-28/frame0038.jpg 102.56542 109.27691 166.69441 220.72357 1
fall_fall-28/frame0039.jpg 101.07304 111.97413 165.05527 222.98575 1
fall_fall-28/frame0040.jpg 95.870964 114.90028 163.29361 223.29826 1
fall_fall-28/frame0041.jpg 90.82218 117.132286 160.55318 222.6373 1
fall_fall-28/frame0042.jpg 91.233475 121.92668 160.75826 222.69505 1
fall_fall-28/frame0043.jpg 80.569145 125.36467 159.04709 222.1084 1
fall_fall-28/frame0044.jpg 79.80375 127.705086 158.10027 222.24077 1
fall_fall-28/frame0045.jpg 87.24939 133.51009 159.24846 222.39268 1
fall_fall-28/frame0046.jpg 77.91588 138.04266 155.70671 222.61945 1
fall_fall-28/frame0047.jpg 71.266685 142.47896 154.18675 222.81625 1
fall_fall-28/frame0048.jpg 45.118004 158.0152 71.9231 200.24536 1
fall_fall-28/frame0049.jpg 62.691116 149.83362 155.8524 223.01575 1
fall_fall-28/frame0050.jpg 64.46313 166.06274 138.52185 223.33464 1
fall_fall-28/frame0051.jpg 53.01173 160.59988 157.32855 223.65312 1
fall_fall-28/frame0052.jpg 49.345325 169.40605 151.23955 223.91722 1
fall_fall-28/frame0053.jpg 44.24712 172.78125 148.88779 223.60634 1
fall_fall-28/frame0054.jpg 49.873756 179.58481 148.6514 223.44292 1
fall_fall-28/frame0055.jpg 40.79272 184.33815 146.67497 223.25845 1
fall_fall-29/frame0048.jpg 96.85098 73.32909 133.06998 198.0549 1
fall_fall-29/frame0049.jpg 96.48304 77.26975 132.79903 197.40079 1
fall_fall-29/frame0050.jpg 95.56447 78.89915 132.85661 198.98434 1
fall_fall-29/frame0051.jpg 97.20796 82.355255 132.80676 198.42705 1
fall_fall-29/frame0052.jpg 95.27379 86.72414 132.9266 197.62477 1
fall_fall-29/frame0053.jpg 94.70269 92.376465 133.07431 198.60065 1
fall_fall-29/frame0054.jpg 94.460335 94.61808 132.83167 197.264 1
fall_fall-29/frame0055.jpg 93.69874 97.85744 133.4944 198.39781 1
fall_fall-29/frame0056.jpg 93.728546 101.48885 132.97139 198.09642 1
fall_fall-29/frame0057.jpg 93.07279 104.620125 131.70917 198.34125 1
fall_fall-29/frame0058.jpg 93.48591 105.44598 131.01305 198.26263 1
fall_fall-29/frame0059.jpg 92.949715 109.38452 130.61371 198.73312 1
fall_fall-29/frame0060.jpg 91.28623 111.859184 130.32646 198.35649 1
fall_fall-29/frame0061.jpg 88.76581 114.8363 130.6065 198.35294 1
fall_fall-29/frame0062.jpg 87.69793 116.35306 130.68254 198.64705 1
fall_fall-29/frame0063.jpg 86.193245 118.36759 131.04753 198.71143 1
fall_fall-29/frame0064.jpg 84.635506 120.470375 131.27118 198.11569 1
fall_fall-29/frame0065.jpg 82.88462 123.075584 130.96921 199.62694 1
fall_fall-29/frame0066.jpg 80.925385 125.61621 129.39302 198.9699 1
fall_fall-29/frame0067.jpg 80.707794 128.53258 128.49545 201.54716 1
fall_fall-29/frame0068.jpg 76.84856 130.82437 128.65274 201.95528 1
fall_fall-29/frame0069.jpg 76.865524 136.08623 126.86189 199.95657 1
fall_fall-29/frame0070.jpg 70.89856 136.85146 129.20341 221.78238 1
fall_fall-29/frame0071.jpg 70.93974 134.80154 128.3115 222.74646 1
fall_fall-29/frame0072.jpg 67.87145 140.54514 130.55762 223.6366 1
fall_fall-29/frame0073.jpg 66.36672 148.97691 133.70042 223.56363 1
fall_fall-29/frame0074.jpg 63.77364 156.46678 134.15187 223.86452 1
fall_fall-29/frame0075.jpg 67.589516 163.9072 135.79718 223.7562 1
fall_fall-29/frame0076.jpg 66.443115 171.94891 133.44365 222.77995 1
fall_fall-29/frame0077.jpg 64.29556 177.45381 131.9699 223.42943 1
fall_fall-30/frame0024.jpg 124.73164 97.39517 191.80426 220.6526 1
fall_fall-30/frame0025.jpg 122.892395 98.40592 190.5503 220.42094 1
fall_fall-30/frame0026.jpg 120.693855 98.811134 188.61665 220.46297 1
fall_fall-30/frame0027.jpg 119.43975 98.22877 185.58646 221.1461 1
fall_fall-30/frame0028.jpg 116.68553 100.43962 183.43108 220.8016 1
fall_fall-30/frame0029.jpg 113.87381 99.48881 184.2208 222.67725 1
fall_fall-30/frame0030.jpg 113.67043 100.011154 181.37909 221.40366 1
fall_fall-30/frame0031.jpg 109.418274 99.261406 181.86438 221.90274 1
fall_fall-30/frame0032.jpg 110.03229 100.50662 176.22037 221.1428 1
fall_fall-30/frame0033.jpg 106.300415 98.54631 181.57745 221.45244 1
fall_fall-30/frame0034.jpg 107.44464 99.48852 176.66553 222.87976 1
fall_fall-30/frame0035.jpg 105.34277 101.42018 170.49637 223.00212 1
fall_fall-30/frame0036.jpg 103.374435 101.33004 168.92302 222.58095 1
fall_fall-30/frame0037.jpg 101.71125 104.37253 168.94295 220.5877 1
fall_fall-30/frame0038.jpg 103.43923 105.88659 166.6367 220.41568 1
fall_fall-30/frame0039.jpg 100.02547 107.427536 165.69174 222.49113 1
fall_fall-30/frame0040.jpg 94.40248 110.34328 163.65308 222.84795 1
fall_fall-30/frame0041.jpg 92.1806 113.751816 161.25015 223.26251 1
fall_fall-30/frame0042.jpg 90.45802 118.63365 160.1127 221.98999 1
fall_fall-30/frame0043.jpg 84.10548 118.35846 155.87036 222.21849 1
fall_fall-30/frame0044.jpg 83.910774 123.84831 155.80014 222.67705 1
fall_fall-30/frame0045.jpg 75.95961 131.86688 152.18153 222.89561 1
fall_fall-30/frame0046.jpg 71.95458 132.66841 153.60617 223.30603 1
fall_fall-30/frame0047.jpg 43.693043 157.64093 69.88688 200.49452 1
fall_fall-30/frame0048.jpg 63.888794 154.29655 155.6275 223.1417 1
fall_fall-30/frame0049.jpg 61.816998 158.19304 157.75235 222.31708 1
fall_fall-30/frame0050.jpg 62.08967 164.63762 154.44585 223.9494 1
fall_fall-30/frame0051.jpg 57.200317 171.98189 156.89977 222.77345 1
fall_fall-30/frame0052.jpg 53.7151 180.72185 147.19472 223.28014 1
fall_fall-30/frame0053.jpg 48.094444 187.81035 144.5013 223.01012 1
